1,  10814.737968,  -120.670667,  120.386225
2,  10812.739374,  -116.200084,  121.691160
3,  10809.541261,  -120.031616,  123.577406
4,  10808.408966,  -124.899658,  124.337778
5,  10806.045471,  -120.335872,  125.713165
6,  10804.039501,  -115.701950,  126.795352
7,  10802.148893,  -111.162251,  127.793589
8,  10799.166787,  -115.493202,  129.279220
9,  10797.930574,  -120.319426,  129.850946
10,  10796.265795,  -125.140611,  130.603844
11,  10793.191383,  -121.028662,  132.071469
12,  10791.445633,  -116.199982,  132.770814
13,  10789.487679,  -111.458538,  133.625351
14,  10787.520284,  -106.922150,  134.424639
15,  10786.127009,  -112.159584,  134.875449
16,  10785.284187,  -117.596554,  135.255759
17,  10784.173895,  -122.657316,  135.536185
18,  10780.688622,  -118.824424,  136.855959
19,  10779.165459,  -113.606380,  137.345889
20,  10777.634279,  -108.704147,  137.814916
21,  10776.144996,  -103.761078,  138.261714
22,  10776.396916,  -109.190462,  138.157591
23,  10775.442200,  -114.176667,  138.449105
24,  10773.728569,  -119.416702,  138.827514
25,  10772.366511,  -124.295176,  139.191793
26,  10770.538529,  -129.462443,  139.724556
27,  10766.160598,  -127.038212,  140.753025
28,  10763.943651,  -121.820587,  141.226600
29,  10762.000060,  -116.513073,  141.604611
30,  10759.356134,  -112.200610,  141.998597
31,  10755.727049,  -108.004835,  142.589897
32,  10752.896651,  -112.370094,  142.988818
33,  10752.021050,  -117.396286,  143.040303
34,  10751.193076,  -122.386638,  143.147951
35,  10746.910106,  -119.483564,  143.643789
36,  10744.628373,  -114.355771,  143.800498
37,  10742.647593,  -109.642021,  143.867378
38,  10737.925079,  -111.368611,  143.917908
39,  10735.768531,  -115.890052,  143.964176
40,  10733.176258,  -120.716023,  143.765936
41,  10730.475563,  -116.499812,  143.847269
42,  10729.577621,  -111.041328,  143.818493
43,  10728.663694,  -105.658693,  143.811215
44,  10727.900622,  -100.611559,  143.839657
45,  10725.738209,  -105.121967,  143.627111
46,  10724.401686,  -111.249398,  143.506976
47,  10722.922860,  -116.255041,  143.373587
48,  10720.681794,  -121.206092,  143.174416
49,  10718.483058,  -125.760594,  142.894227
50,  10715.596130,  -121.154422,  142.548672
51,  10713.162994,  -116.134945,  142.189493
52,  10711.040072,  -111.355502,  141.796512
53,  10709.112285,  -106.480859,  141.534656
54,  10705.629925,  -110.177910,  140.790257
55,  10703.702092,  -115.626413,  140.314673
56,  10701.817573,  -120.915246,  139.892646
57,  10697.454139,  -118.179887,  138.801227
58,  10695.403241,  -113.381525,  138.178050
59,  10693.512292,  -108.737748,  137.653667
60,  10691.723394,  -103.928349,  137.123264
61,  10687.104079,  -105.228853,  135.556196
62,  10684.443289,  -110.651104,  134.522072
63,  10682.276630,  -115.146482,  133.600466
64,  10679.838232,  -119.987378,  132.605015
65,  10677.206154,  -124.502217,  131.480570
66,  10675.468245,  -119.795350,  130.691274
67,  10675.010789,  -114.687483,  130.564695
68,  10674.390314,  -109.453932,  130.241940
69,  10673.454438,  -104.376343,  129.806213
70,  10672.000300,  -99.357114,  129.053403
71,  10669.675745,  -103.729648,  127.914845
72,  10667.839984,  -108.567530,  126.908680
73,  10666.320280,  -114.345120,  126.154507
74,  10664.816998,  -120.261622,  125.246664
75,  10662.917004,  -125.810198,  124.105098
76,  10661.284444,  -120.544859,  123.222620
77,  10660.974632,  -115.013773,  122.923249
78,  10660.444960,  -108.902346,  122.663349
79,  10659.611401,  -103.353007,  122.145575
80,  10658.874439,  -97.515947,  121.754395
81,  10657.996293,  -92.159751,  121.227389
82,  10654.405714,  -95.982890,  118.791109
83,  10652.118567,  -101.457076,  117.188649
84,  10650.262708,  -106.271399,  115.832546
85,  10648.114404,  -111.659150,  114.191416
86,  10646.243760,  -116.675358,  112.677919
87,  10644.430236,  -121.194968,  111.275253
88,  10641.343063,  -124.722640,  108.619076
89,  10639.751751,  -119.745494,  107.249105
90,  10638.592452,  -113.655923,  106.109448
91,  10637.482992,  -108.619213,  105.123794
92,  10636.489285,  -103.467784,  104.234128
93,  10634.713406,  -98.923236,  102.528555
94,  10631.421692,  -101.166687,  99.151544
95,  10628.661682,  -105.297867,  96.185620
96,  10626.178221,  -109.272476,  93.277951
97,  10623.275445,  -113.887983,  89.776001
98,  10620.843245,  -117.954232,  86.573201
99,  10618.760161,  -114.349752,  83.787311
100,  10617.962688,  -108.801428,  82.696857
101,  10616.945197,  -103.427021,  81.186130
102,  10615.715412,  -98.323173,  79.327183
103,  10614.576077,  -93.598843,  77.591394
104,  10612.579084,  -97.065004,  74.380327
105,  10611.234805,  -102.209654,  72.012156
106,  10610.161113,  -106.798260,  70.125955
107,  10608.865996,  -111.811644,  67.801949
108,  10607.616835,  -116.205955,  65.323808
109,  10607.098744,  -111.109432,  64.451808
110,  10607.686947,  -105.589545,  65.882679
111,  10608.380807,  -100.773574,  67.101126
112,  10606.722852,  -104.676242,  63.796847
113,  10605.465669,  -109.344458,  60.990830
114,  10604.093276,  -114.333841,  57.997201
115,  10602.645579,  -118.028136,  54.595963
116,  10601.190667,  -114.044393,  51.014524
117,  10600.763957,  -109.089905,  49.840837
118,  10600.329792,  -103.059230,  48.863966
119,  10599.870451,  -97.459618,  47.413419
120,  10599.416663,  -92.191183,  45.997779
121,  10599.004426,  -87.104227,  44.823476
122,  10597.865134,  -90.831203,  41.361811
123,  10596.949069,  -95.484213,  38.194206
124,  10596.214250,  -100.182962,  35.368907
125,  10595.676245,  -105.108580,  33.088355
126,  10595.288070,  -109.911622,  31.145322
127,  10594.773598,  -114.638737,  29.017943
128,  10594.206692,  -118.565419,  25.967154
129,  10594.014392,  -113.140165,  25.101801
130,  10593.980127,  -107.950426,  24.541682
131,  10594.023616,  -102.117198,  24.957022
132,  10593.932846,  -96.544125,  24.825459
133,  10593.968702,  -91.034557,  24.525931
134,  10593.209678,  -93.246099,  19.835136
135,  10592.945028,  -98.258364,  18.051824
136,  10592.526149,  -102.658951,  15.048923
137,  10592.318706,  -106.924729,  11.966009
138,  10592.123115,  -111.833349,  9.239852
139,  10592.043508,  -116.962184,  7.599098
140,  10592.005236,  -122.098589,  7.404259
141,  10591.947323,  -116.912388,  5.476471
142,  10591.925470,  -111.528255,  4.531056
143,  10591.872011,  -106.435083,  3.413667
144,  10591.852715,  -100.698130,  2.516677
145,  10591.884387,  -94.324722,  0.708904
146,  10591.902392,  -89.279667,  -0.776552
147,  10591.924989,  -90.753381,  -5.721483
148,  10592.094419,  -95.488622,  -8.550822
149,  10592.277705,  -100.190616,  -10.833936
150,  10592.336676,  -104.838348,  -12.691353
151,  10592.583174,  -109.572137,  -14.560563
152,  10593.023994,  -112.777577,  -18.395149
153,  10593.165153,  -107.597029,  -19.410797
154,  10593.253417,  -102.475203,  -19.939897
155,  10593.490457,  -96.863804,  -21.319690
156,  10593.681037,  -91.943625,  -22.986958
